Mutation type,Trinucleotide,S1,S2,S3,S4,S5,S6,S7,S8,S9,S10,S11,S12,S13,S14,S15,S16,S17,S18,S19,S20,S21,S22,S23,S24,S25,S26,S27,S28,S29,S30,S31,S32,S33,S34,S35,S36,S37,S38,S39,S40,S41,S42,S43,S44,S45,S46,S47,S48,S49,S50,S51,S52,S53,S54,S55,S56,S57,S58,S59,S60,S61,S62,S63,S64,S65,S66,S67,S68,S69,S70,S71,S72,S73,S74,S75,S76,S77,S78,S79,S80,S81,S82,S83,S84,S85,S86,S87,S88,S89,S90,S91,S92,S93,S94,S95,S96,S97,S98,S99,S100,S101,S102,S103,S104,S105,S106,S107,S108,S109,S110,S111,S112,S113,S114,S115,S116,S117,S118,S119,S120,S121,S122,S123,S124,S125,S126,S127,S128,S129,S130,S131,S132,S133,S134,S135,S136,S137,S138,S139,S140,S141,S142,S143,S144,S145,S146,S147,S148,S149,S150,S151,S152,S153,S154,S155,S156,S157,S158,S159,S160,S161,S162,S163,S164,S165,S166,S167,S168,S169,S170,S171,S172,S173,S174,S175,S176,S177,S178,S179,S180,S181,S182,S183,S184,S185,S186,S187,S188,S189,S190,S191,S192,S193,S194,S195,S196,S197,S198,S199,S200
C>A,ACA,90,81,358,201,161,110,222,45,104,108,815,106,67,63,393,46,280,28,104,237,57,159,85,82,160,132,167,612,135,83,1019,37,177,93,115,131,144,461,60,84,251,101,65,224,140,12,91,80,222,86,71,175,32,186,841,83,79,154,313,69,109,78,125,295,170,30,146,45,52,68,174,63,121,394,43,134,192,56,263,66,193,84,71,24,75,259,39,37,217,136,107,661,76,44,199,430,99,54,212,198,66,40,39,118,139,406,91,24,70,74,70,51,297,223,88,316,90,76,24,108,122,118,195,52,248,50,21,45,229,118,63,60,366,1507,136,430,324,127,52,231,222,633,57,121,55,203,23,370,65,62,274,215,75,93,94,223,137,260,142,144,92,70,381,99,81,35,213,123,60,93,40,125,234,62,26,80,320,64,40,17,343,63,514,144,102,92,167,522,129,466,186,113,120,64,144,193,386,316,49,43
C>A,ACC,111,122,801,253,206,124,213,85,130,242,983,164,64,143,502,58,358,22,167,351,71,210,106,94,200,206,201,842,147,137,1589,59,273,241,159,156,157,621,67,155,339,270,71,407,230,8,169,113,277,109,84,258,69,257,1309,70,153,201,433,72,182,91,149,421,196,52,258,70,91,113,233,50,188,550,69,234,328,78,366,85,284,119,89,52,116,498,30,39,324,173,80,943,130,117,396,589,156,74,259,451,91,89,104,223,163,600,150,16,101,195,82,42,439,318,88,484,169,150,17,175,149,139,213,126,522,72,36,49,451,205,121,76,505,2098,150,546,460,250,103,376,379,887,58,221,62,349,26,519,100,98,390,305,58,195,119,419,218,430,232,171,132,90,535,125,142,43,270,88,89,129,104,203,404,70,36,118,422,72,67,52,522,80,728,190,115,221,283,693,150,738,227,165,88,162,147,215,533,458,95,71
C>A,ACG,195,284,894,639,502,372,588,91,256,168,2831,389,122,35,1609,51,1119,50,310,733,59,409,301,224,366,203,522,2700,483,292,4091,52,657,80,390,217,143,1912,95,158,935,104,190,621,497,19,249,64,736,316,131,645,26,827,3293,157,152,646,1253,147,252,246,375,826,334,45,389,157,117,231,503,69,273,1739,30,408,638,89,985,185,693,179,134,35,96,760,105,59,701,479,135,2748,179,48,460,1889,321,48,619,236,132,66,23,313,518,1518,151,23,44,78,109,60,1059,669,257,1298,188,237,44,392,430,291,358,104,444,95,19,152,599,141,33,178,1440,6502,296,1655,1090,356,42,806,652,2641,185,194,114,519,61,1586,195,203,980,885,111,136,217,716,405,839,132,505,321,106,1435,396,71,135,834,61,97,314,42,389,826,184,19,172,1310,233,44,10,1413,84,2091,574,334,72,541,2156,158,1666,499,475,87,71,338,308,1704,1241,35,89
C>A,ACT,86,188,379,194,310,269,754,176,103,173,766,112,56,48,628,81,392,95,119,404,90,203,246,114,249,257,399,683,446,141,1098,101,286,148,221,98,147,519,178,315,577,196,64,223,242,36,177,90,238,155,166,167,44,194,873,147,131,253,363,282,182,133,306,780,678,81,224,80,126,125,197,107,166,411,40,263,196,162,320,108,209,155,262,71,175,308,220,100,273,238,169,690,189,91,460,498,138,75,164,223,94,126,36,206,402,479,305,34,51,149,187,16,750,334,257,330,154,80,86,169,157,130,184,72,334,188,28,174,278,247,39,102,532,1623,331,454,359,186,69,278,312,737,229,159,31,228,37,446,192,150,303,328,200,106,200,290,261,496,211,190,215,195,465,218,108,86,386,34,177,105,81,126,295,136,26,155,321,206,72,18,358,151,527,167,167,120,176,587,258,758,486,132,99,137,351,464,425,465,53,179
C>A,CCA,164,185,790,428,336,256,509,66,199,186,1789,248,96,99,999,60,686,53,227,539,62,315,207,141,295,242,315,1557,352,190,2530,77,432,180,264,197,208,1141,111,164,502,191,131,479,317,23,216,105,463,190,128,409,56,476,2055,149,148,391,764,101,224,160,244,653,399,35,326,111,98,160,365,80,221,1005,55,314,439,75,617,132,437,162,138,55,131,574,106,34,484,321,164,1631,164,84,355,1094,208,84,420,363,121,54,67,273,348,933,209,33,87,137,67,65,611,449,200,789,156,177,51,251,267,221,305,105,465,101,27,109,490,174,91,107,906,3781,181,1011,731,294,88,540,499,1576,143,228,92,422,37,938,145,140,618,522,124,161,196,508,302,637,214,329,227,114,914,247,107,86,515,120,84,199,77,272,554,120,37,144,776,164,50,32,856,101,1251,335,228,153,375,1270,151,1154,416,278,134,127,247,352,976,771,76,85
C>A,CCC,185,251,895,578,445,324,510,81,238,181,2530,352,114,60,1415,51,987,43,288,667,60,378,262,200,338,205,452,2380,416,263,3673,54,589,114,348,212,154,1693,88,149,805,135,171,592,447,17,236,76,658,277,121,582,36,730,2964,143,152,567,1114,121,242,217,326,743,301,43,370,142,110,209,461,65,259,1536,39,377,589,81,879,167,624,169,120,38,99,721,87,50,639,425,129,2442,169,60,435,1665,291,55,564,286,126,64,40,300,447,1360,150,23,58,100,94,61,921,605,223,1162,182,225,38,353,381,268,339,109,465,86,22,129,580,149,54,157,1278,5747,256,1469,988,341,56,736,609,2340,157,205,108,497,54,1403,174,181,880,780,100,150,200,667,371,769,153,449,285,99,1284,345,85,117,731,75,89,282,54,361,756,161,24,161,1161,201,47,19,1264,82,1861,507,296,103,501,1904,150,1508,447,421,93,88,295,291,1502,1103,49,80
C>A,CCG,50,79,227,124,135,117,301,48,61,67,509,71,28,27,347,28,225,35,70,201,27,107,102,48,113,109,145,448,187,67,722,42,150,68,103,54,74,335,67,106,210,79,39,136,112,15,86,37,137,70,65,113,21,133,580,67,56,136,228,82,86,60,115,318,264,21,116,41,47,60,115,39,76,282,17,123,124,48,189,49,126,68,92,29,68,173,82,24,153,120,75,460,77,36,157,320,67,35,113,115,45,33,19,102,170,277,123,15,24,58,46,14,273,155,106,222,58,50,34,84,86,71,95,34,155,67,10,66,151,84,23,40,301,1075,98,295,220,99,33,164,167,466,88,80,23,129,14,280,74,62,181,172,75,50,89,157,119,247,87,109,98,68,282,101,39,38,191,25,53,59,33,77,169,53,13,62,218,86,22,9,241,55,352,99,85,53,107,372,78,406,206,81,45,56,127,188,278,253,25,60
C>A,CCT,91,122,462,220,211,179,441,64,109,125,890,127,47,64,571,43,375,50,127,338,40,184,153,75,185,183,207,774,278,111,1295,68,254,138,166,100,132,580,100,158,299,152,68,262,185,21,149,68,234,109,100,205,41,233,1046,106,100,222,395,102,149,95,168,492,394,29,207,69,73,100,202,58,132,493,34,208,232,65,326,80,224,112,133,50,110,325,116,27,269,196,119,809,125,68,250,550,114,62,204,242,77,47,46,182,254,481,196,24,50,110,53,28,396,257,158,397,99,97,50,142,142,123,164,67,298,98,18,94,287,136,55,60,507,1870,126,510,391,183,64,294,299,806,127,151,44,242,21,482,111,96,318,283,108,101,144,286,196,419,155,182,155,99,489,157,71,58,304,50,74,102,62,143,305,79,25,99,381,127,35,23,431,85,621,167,138,109,199,638,111,696,319,141,76,105,181,290,481,427,52,85
C>A,GCA,213,307,1242,646,522,399,725,111,274,271,2773,406,108,114,1649,62,1126,64,351,836,60,448,335,206,403,309,503,2657,555,316,4249,99,713,243,421,226,191,1903,136,248,873,274,187,739,531,27,334,99,716,310,164,664,68,813,3425,177,215,656,1264,148,327,243,379,998,538,51,496,179,150,262,539,69,316,1715,53,500,707,101,1005,195,709,223,189,78,163,917,153,41,759,507,156,2745,245,121,573,1864,337,87,611,486,160,91,86,421,564,1542,285,27,74,198,84,52,1057,697,294,1331,234,286,63,419,422,303,362,163,673,143,30,174,763,220,92,166,1492,6419,255,1633,1147,463,104,879,776,2649,222,303,113,630,55,1589,232,229,997,887,136,221,270,832,472,1014,238,511,365,143,1484,411,118,142,847,36,116,316,110,427,916,183,35,203,1286,262,59,44,1446,120,2089,556,346,197,600,2119,159,1876,606,474,75,181,341,425,1670,1284,85,130
C>A,GCC,221,297,1463,726,502,338,382,71,291,292,3160,475,113,130,1740,39,1226,14,392,835,44,458,274,219,374,235,458,3102,400,344,4979,54,763,237,414,244,136,2187,51,142,900,265,202,863,579,5,323,82,812,323,103,779,64,958,4024,114,217,700,1443,43,316,241,326,802,178,40,510,182,131,271,579,20,331,2021,53,495,829,56,1131,192,824,192,73,52,98,1058,28,18,835,504,64,3225,202,114,568,2161,380,58,706,527,149,78,100,421,465,1785,144,6,74,190,44,54,1042,744,197,1569,248,337,12,464,462,313,364,186,735,63,28,109,868,170,103,175,1619,7527,194,1863,1287,500,93,1001,833,3050,125,299,128,700,56,1826,189,215,1147,988,31,248,208,956,465,998,190,541,335,69,1661,398,114,130,870,18,67,362,102,497,1048,162,27,181,1501,197,51,52,1704,60,2453,643,337,207,700,2444,90,1974,444,554,25,160,240,214,1960,1415,83,64
C>A,GCG,157,242,658,478,433,269,362,172,199,216,2100,291,140,45,1082,88,786,39,229,522,134,323,219,240,328,170,563,1923,294,241,2899,25,470,57,297,234,144,1351,79,183,1006,113,144,480,426,9,158,107,605,271,120,470,22,585,2351,111,149,454,894,241,193,213,376,644,133,102,268,103,126,175,372,103,264,1230,58,296,472,164,725,161,536,149,129,14,93,591,39,143,524,336,114,1981,141,52,591,1342,287,42,494,202,111,145,25,206,364,1190,58,21,83,92,262,70,1116,603,172,922,230,171,18,315,340,240,365,97,429,87,38,114,472,231,48,196,1000,4670,474,1192,790,244,37,592,471,1882,121,149,100,398,72,1122,171,174,756,685,105,146,145,565,320,540,174,357,221,133,1012,288,141,98,619,137,172,259,41,301,612,180,21,178,940,154,95,10,1003,98,1516,448,236,94,412,1571,317,1115,335,353,149,58,374,237,1231,912,43,102
C>A,GCT,115,144,1196,268,213,125,206,98,137,345,994,202,40,212,564,54,393,14,213,437,59,233,118,75,206,264,171,958,161,171,1987,83,344,385,183,145,145,702,68,209,313,426,66,549,284,6,243,124,276,108,86,308,103,294,1630,50,210,226,499,40,241,83,135,510,248,56,355,91,116,146,263,19,225,634,82,318,429,74,420,89,333,141,99,82,148,690,31,15,394,192,40,1101,176,183,514,670,185,89,258,680,105,115,163,321,174,702,219,6,114,304,45,19,462,353,84,597,217,213,13,218,149,137,181,189,747,88,43,49,635,254,167,67,592,2402,89,584,542,361,149,482,505,1030,60,307,56,462,20,604,123,121,448,347,32,277,137,571,276,583,293,176,163,94,630,136,175,46,289,15,91,143,164,257,534,61,42,135,464,78,75,86,642,85,844,202,115,333,368,762,113,963,258,193,23,256,106,221,605,544,132,90
C>A,TCA,237,348,1396,715,595,394,578,190,302,371,3071,457,155,141,1689,98,1194,51,386,867,130,493,329,282,459,315,660,2916,478,366,4664,77,761,253,450,302,207,2065,118,279,1194,318,206,845,628,16,329,145,841,364,169,738,73,891,3777,157,259,690,1376,226,347,282,462,1011,341,107,514,180,185,285,583,95,390,1882,84,523,794,171,1106,224,811,237,181,63,165,1048,84,116,834,520,138,3039,250,140,813,2037,413,85,707,551,175,172,103,425,545,1776,205,23,118,236,222,74,1390,843,260,1465,327,318,35,481,478,342,459,198,819,135,50,162,871,318,119,232,1572,7086,455,1783,1250,489,110,972,833,2892,186,323,137,703,80,1727,252,257,1134,1002,121,281,250,956,514,1002,294,536,362,168,1594,426,195,145,907,100,187,372,122,488,1019,221,39,249,1415,238,110,52,1591,133,2319,639,353,245,682,2341,304,1926,551,533,124,189,423,375,1850,1402,102,143
C>A,TCC,158,220,811,541,386,278,364,42,211,131,2409,338,91,34,1343,25,941,22,265,595,27,330,221,172,276,136,373,2338,344,241,3573,30,550,69,310,170,91,1647,45,81,706,80,157,544,408,9,203,37,615,252,80,562,20,720,2878,105,119,539,1076,59,200,191,266,592,163,21,324,130,82,189,419,30,216,1515,20,330,558,40,837,144,594,131,63,22,53,662,47,22,592,388,74,2387,129,36,331,1631,266,29,525,209,101,34,24,259,384,1296,84,10,28,59,43,45,790,537,175,1135,143,211,20,328,356,234,273,91,371,46,11,99,520,78,29,135,1214,5637,173,1416,930,306,31,695,550,2276,117,158,94,444,45,1367,138,155,836,742,49,114,156,618,321,687,80,419,251,50,1225,314,43,104,678,28,44,264,32,337,714,133,12,123,1133,167,23,12,1235,42,1815,488,267,59,471,1850,70,1398,351,409,39,52,214,174,1476,1046,27,43
C>A,TCG,84,122,465,203,206,187,495,61,102,121,811,119,35,63,573,39,365,56,123,345,29,177,164,60,178,193,191,726,309,108,1235,77,254,152,168,81,125,549,110,172,261,164,62,251,177,24,160,60,207,103,104,191,44,217,993,109,100,220,375,100,154,89,162,524,461,23,215,72,74,101,194,52,123,460,29,217,221,60,310,76,206,115,147,58,117,318,138,16,261,198,119,755,135,73,236,519,104,63,178,250,76,42,47,193,272,444,228,24,41,118,34,18,368,237,172,376,91,96,58,137,131,114,139,67,295,109,15,103,284,131,52,49,501,1744,99,476,373,190,67,285,301,765,143,156,36,237,16,460,117,98,294,269,115,98,153,278,200,443,153,177,164,103,473,160,61,60,301,24,69,92,68,135,297,75,24,96,353,139,29,24,407,88,577,151,138,112,189,594,90,713,346,131,57,116,175,312,447,416,52,93
C>A,TCT,175,293,813,571,505,375,654,143,230,190,2523,353,115,31,1488,65,1027,63,282,700,81,381,314,226,363,218,573,2436,504,285,3680,61,618,87,382,198,131,1723,117,221,1005,129,170,563,490,22,242,71,677,312,147,577,27,741,2956,154,159,604,1133,221,248,242,409,882,410,70,366,148,135,225,455,83,271,1559,33,402,575,132,900,182,633,183,179,42,117,705,134,92,646,454,136,2471,194,60,545,1708,311,48,547,224,128,106,21,300,534,1402,181,23,43,100,171,47,1158,655,272,1165,207,214,52,377,401,268,335,105,446,127,24,172,560,190,27,186,1327,5857,376,1485,984,333,43,738,609,2391,210,184,97,475,64,1438,217,212,896,836,137,136,218,673,403,802,151,462,318,140,1302,388,90,135,799,43,141,291,52,353,762,195,18,186,1172,244,62,10,1268,106,1879,528,314,81,493,1952,219,1554,520,434,84,85,386,347,1540,1158,35,126
C>G,ACA,113,142,562,301,251,201,429,54,139,131,1260,177,62,66,747,42,504,45,163,403,39,225,167,97,213,182,237,1124,292,140,1820,63,322,133,200,127,140,824,91,139,372,143,92,337,233,20,165,68,325,140,99,290,40,342,1472,112,108,292,552,86,167,117,187,518,351,26,241,84,75,120,260,56,156,722,35,239,312,58,445,96,310,121,118,46,102,411,100,23,349,241,120,1168,129,64,263,792,149,60,287,255,87,41,46,205,281,667,177,24,53,103,46,38,464,322,163,566,110,126,45,184,192,155,203,75,329,86,18,93,350,127,58,75,670,2718,130,723,523,217,63,389,365,1140,124,164,60,299,26,681,116,108,439,383,99,111,152,366,227,487,151,240,177,90,663,191,70,68,387,62,65,140,58,192,401,90,25,106,554,135,34,22,615,78,894,239,170,107,266,913,104,864,332,201,81,98,189,278,702,567,52,74
C>G,ACC,104,164,661,336,275,180,236,85,136,168,1460,221,66,59,811,38,574,17,181,403,52,223,151,129,202,129,304,1430,214,175,2274,29,364,109,210,128,71,1005,43,119,569,140,95,399,301,4,151,55,398,173,69,357,30,438,1838,60,117,333,667,95,156,130,210,452,121,47,237,85,83,135,270,32,177,924,33,244,381,72,531,102,390,103,71,26,65,498,29,49,394,244,42,1484,111,61,375,998,196,30,329,242,76,78,44,196,251,858,78,5,44,104,95,27,658,394,112,716,150,153,10,231,227,153,195,92,372,54,21,71,410,133,47,108,755,3471,201,859,594,230,44,467,390,1409,80,140,60,326,37,843,115,120,544,486,40,126,106,458,238,468,116,253,168,66,766,202,81,68,432,21,79,177,53,232,491,101,14,110,688,108,47,23,778,51,1130,310,163,105,326,1138,122,916,239,261,33,82,182,140,908,676,41,61
C>G,ACG,135,163,1120,284,264,142,245,158,155,382,1042,196,83,217,517,93,376,29,210,435,120,261,128,127,262,294,290,881,159,180,1824,83,329,368,195,208,207,654,94,254,493,426,77,540,307,9,225,171,321,134,117,296,103,267,1512,76,228,215,472,136,248,111,209,567,251,95,340,84,139,146,275,72,264,576,106,311,411,139,415,110,339,161,137,76,173,672,32,80,396,193,92,1031,185,184,637,617,209,104,295,672,121,163,160,300,187,720,209,19,152,309,161,49,648,420,100,547,262,198,17,225,169,167,275,188,776,110,58,63,623,334,180,108,555,2235,259,572,534,336,154,464,490,961,69,312,73,462,38,556,143,135,460,356,77,293,148,561,290,537,353,179,160,142,598,141,228,49,302,113,156,158,162,257,509,95,51,172,441,81,113,81,588,121,800,212,123,344,360,736,256,884,279,186,116,250,212,286,564,531,143,117
C>G,ACT,103,147,493,230,260,158,309,156,119,217,923,136,94,87,460,88,336,43,131,311,123,202,135,145,231,191,359,736,186,136,1240,48,238,138,168,173,161,539,94,202,587,188,72,297,241,13,120,123,297,142,112,209,44,218,1022,90,136,196,375,207,153,121,248,483,225,92,188,56,107,103,204,99,192,464,68,198,246,150,330,100,256,122,141,35,121,370,57,116,279,172,117,800,125,84,484,518,164,64,247,280,88,136,58,156,212,564,122,25,100,143,217,53,692,359,122,382,187,100,27,169,163,145,257,90,405,100,41,83,329,249,82,120,446,1823,354,495,385,169,70,301,292,767,93,157,61,264,46,448,127,114,359,315,112,150,118,332,211,331,222,165,130,138,453,144,156,53,297,137,160,131,71,164,318,114,31,142,370,95,93,27,414,109,621,195,122,153,221,637,288,580,255,149,148,108,278,263,475,425,69,107
C>G,CCA,119,150,1115,266,231,138,255,117,140,341,981,192,53,203,548,67,383,24,204,431,77,238,128,90,224,273,214,902,179,169,1858,85,332,365,187,159,165,666,84,227,368,410,68,521,283,9,233,135,282,116,100,292,99,275,1528,65,209,221,476,80,239,93,164,540,281,67,341,88,122,143,261,40,230,592,86,310,405,96,407,95,322,147,120,80,157,655,45,37,383,194,66,1037,178,177,537,632,186,94,260,648,108,127,154,307,191,682,224,12,121,294,83,28,519,365,100,557,223,198,20,214,153,145,207,180,725,101,46,60,604,274,163,79,571,2264,147,564,523,341,146,459,485,976,73,299,59,445,25,571,132,125,436,342,56,269,145,544,277,562,305,176,164,114,603,141,184,49,294,46,113,143,158,246,506,74,44,146,441,87,85,80,599,100,798,198,120,322,350,730,160,920,279,184,56,247,150,258,570,528,130,102
C>G,CCC,173,247,882,552,435,289,378,110,224,208,2426,345,120,62,1307,59,930,30,276,616,82,357,234,215,325,179,482,2301,337,263,3552,35,559,103,328,219,131,1621,65,146,887,138,161,584,453,9,210,82,653,276,107,565,32,706,2872,113,156,533,1068,143,224,213,333,670,164,64,340,129,114,201,433,64,265,1485,46,352,576,103,847,163,615,155,100,26,85,715,42,78,613,390,95,2371,152,62,506,1605,300,44,551,279,118,96,42,272,395,1349,90,15,66,105,147,60,998,614,182,1125,207,220,19,351,372,256,339,115,481,71,28,110,574,173,56,172,1201,5573,321,1406,942,320,49,713,576,2253,123,187,105,480,60,1347,166,177,865,767,75,160,166,666,354,690,153,417,256,96,1219,321,107,108,693,81,111,283,53,355,738,162,21,163,1119,169,64,20,1224,75,1807,501,269,110,493,1843,194,1393,370,413,92,80,298,222,1460,1062,48,77
C>G,CCG,117,153,410,303,281,229,524,75,143,108,1280,165,78,40,760,55,511,61,150,401,59,233,189,118,237,188,300,1089,336,137,1673,65,312,86,210,140,162,804,114,159,453,99,98,286,231,25,149,76,339,155,119,272,30,328,1352,138,98,298,536,143,159,134,231,570,414,37,218,81,80,117,259,85,157,691,34,227,275,84,438,105,298,129,149,41,111,346,128,51,336,253,158,1114,131,46,272,770,148,63,293,176,91,50,23,181,319,647,185,33,54,74,94,49,545,339,195,524,108,102,57,178,202,166,236,54,266,105,19,115,291,141,42,91,663,2619,207,721,505,182,51,358,333,1102,151,142,64,266,33,659,129,115,429,387,138,86,166,319,228,463,152,249,185,116,643,206,71,75,410,99,91,141,42,174,361,111,26,118,542,156,41,9,569,97,855,242,184,72,237,903,160,820,374,193,124,73,253,334,681,559,42,91
C>G,CCT,125,155,746,306,266,208,467,77,150,198,1233,186,63,111,740,55,497,50,184,448,53,248,177,99,238,238,246,1086,307,155,1880,83,345,217,213,145,172,806,109,188,376,236,91,404,256,22,203,97,324,140,117,299,63,329,1527,120,146,289,550,99,205,119,197,594,419,38,292,92,96,135,279,63,188,699,53,281,349,76,453,104,322,144,143,64,137,497,112,27,378,249,131,1157,160,103,353,767,163,81,292,392,103,66,81,255,291,687,230,26,78,169,58,40,498,351,173,577,147,151,50,199,190,165,222,109,465,109,27,100,441,184,94,78,680,2646,142,705,550,268,96,425,425,1128,133,222,64,360,26,671,134,122,452,384,111,163,174,430,261,556,217,238,193,114,677,193,109,69,386,68,87,145,94,214,446,93,35,128,537,142,50,41,624,99,888,233,172,179,299,887,132,944,371,200,90,154,202,330,678,582,81,96
C>G,GCA,105,156,1008,192,238,137,320,183,118,377,635,145,60,206,370,94,258,41,172,384,119,215,135,103,235,301,285,540,185,158,1300,95,273,373,173,163,182,414,114,300,460,440,49,454,270,13,217,162,223,111,126,206,103,158,1079,71,221,157,317,176,235,92,210,596,354,103,310,73,145,132,211,72,238,347,100,294,326,156,298,96,249,156,174,85,188,584,71,88,316,158,87,670,194,191,649,383,176,103,192,645,110,179,155,284,195,535,251,18,138,320,177,27,637,359,114,377,254,168,29,190,120,129,216,180,739,138,57,80,556,349,167,95,410,1396,270,353,395,306,152,369,428,636,95,295,49,398,33,366,154,133,335,270,96,278,148,484,271,494,350,123,153,163,428,122,224,46,239,69,176,118,169,204,417,91,48,169,264,92,115,80,403,134,521,141,96,341,289,464,266,747,298,128,90,263,223,319,347,408,138,145
C>G,GCC,85,116,366,226,209,136,231,85,103,124,960,133,70,43,498,50,357,27,115,268,70,167,111,111,173,118,260,832,161,113,1304,28,223,67,145,125,104,598,57,111,440,92,70,244,197,9,93,69,276,123,73,214,23,252,1062,70,86,205,401,120,111,101,180,353,141,50,149,52,67,86,186,61,137,532,37,156,226,84,331,80,244,86,83,19,68,298,38,66,253,163,81,870,84,41,295,583,133,37,234,157,64,72,27,120,183,536,70,16,56,70,123,40,504,287,98,410,117,86,18,146,155,122,192,56,253,57,22,61,250,135,43,89,461,2029,221,535,375,134,37,280,244,832,70,102,52,211,33,494,89,86,345,304,70,90,90,275,164,288,122,168,113,80,467,135,84,47,285,87,89,118,35,145,290,86,18,95,413,81,51,12,445,63,669,196,116,76,198,690,165,550,197,155,94,54,189,169,531,416,36,60
C>G,GCG,167,236,1197,432,387,269,519,152,205,347,1745,285,89,177,1020,83,702,52,273,628,96,345,236,159,331,321,398,1624,367,244,2852,101,506,334,303,208,201,1179,128,283,673,385,122,629,412,20,287,142,482,213,149,449,93,493,2318,126,232,410,807,161,294,171,297,813,448,81,422,129,153,203,389,73,291,1049,84,411,538,133,667,150,494,197,184,86,184,789,108,66,556,337,126,1744,227,168,640,1141,265,102,417,613,142,142,132,369,378,1067,277,23,118,279,134,44,860,545,203,876,258,238,45,313,276,224,305,183,756,143,47,125,697,303,144,134,968,3978,268,1013,796,404,139,646,628,1674,156,320,86,541,45,995,197,185,685,588,117,269,215,687,384,777,317,323,263,158,979,268,186,94,549,64,151,223,150,329,691,138,45,194,790,176,93,68,948,132,1335,355,224,293,464,1314,223,1348,458,307,91,238,285,383,1025,864,122,140
C>G,GCT,191,302,1513,568,486,292,371,204,244,439,2375,395,114,195,1307,91,933,27,347,743,125,409,256,228,379,307,545,2341,336,329,3978,75,652,350,372,253,158,1650,89,293,1023,430,153,818,566,5,318,149,673,293,137,622,94,716,3230,90,278,543,1115,189,331,220,376,865,235,116,490,155,185,256,479,58,367,1518,95,487,724,166,907,185,690,209,152,73,166,1033,37,105,718,407,59,2494,241,187,863,1633,371,82,560,688,154,201,149,419,409,1510,196,6,127,315,208,43,1230,731,177,1237,344,313,11,428,376,269,359,231,921,122,57,119,886,350,153,197,1268,5735,390,1398,1043,488,136,863,771,2351,128,343,106,670,66,1399,225,230,951,828,65,327,198,919,463,891,322,407,299,151,1305,332,225,112,712,36,186,313,163,442,928,175,39,229,1124,173,121,78,1340,118,1901,515,261,330,624,1867,276,1664,423,443,56,249,324,278,1492,1166,127,140
C>G,TCA,120,131,483,316,246,186,360,43,146,109,1342,177,79,54,727,44,503,39,157,374,48,227,147,111,215,158,240,1144,248,132,1797,48,303,91,188,150,154,837,77,101,382,96,99,320,222,17,138,73,348,141,91,295,31,349,1461,113,94,285,556,79,148,120,182,448,261,25,214,76,65,110,263,66,154,737,37,208,303,55,448,96,316,112,93,31,84,377,72,31,342,232,128,1188,106,43,229,803,148,57,316,205,85,32,33,174,249,675,127,26,60,70,59,55,447,325,144,565,103,115,36,176,200,165,235,61,283,66,18,78,316,112,54,82,653,2772,149,750,525,187,51,376,336,1147,100,144,71,283,29,683,99,97,449,380,94,97,137,339,206,427,138,244,157,79,659,179,69,62,377,109,60,146,39,190,380,90,26,101,574,117,34,14,614,70,913,249,169,82,258,938,119,794,290,202,115,66,190,247,718,553,45,54
C>G,TCC,123,217,678,356,364,260,505,159,156,218,1514,226,85,67,909,73,627,55,196,493,94,270,227,165,279,215,445,1437,355,204,2278,64,412,144,266,157,127,1025,112,238,755,195,105,415,353,19,191,91,433,212,130,358,42,433,1837,112,153,374,689,218,203,167,317,702,370,82,281,100,126,162,302,80,222,914,48,306,388,142,565,133,407,151,174,48,129,531,112,98,434,296,111,1485,170,88,531,1011,224,57,343,284,103,129,49,239,373,906,184,20,64,147,185,33,901,476,199,712,198,155,44,262,255,184,253,105,447,126,32,133,447,229,56,141,828,3478,344,885,629,258,64,492,443,1443,161,178,65,358,50,864,178,164,573,537,123,150,169,493,305,574,192,284,225,145,809,256,123,92,516,49,154,192,76,242,519,147,23,162,690,173,77,25,773,111,1133,326,202,137,338,1169,240,1041,396,267,84,121,318,314,911,743,56,130
C>G,TCG,61,89,383,134,151,88,170,96,70,154,522,86,49,70,268,51,195,23,86,197,71,121,79,80,135,126,200,436,105,86,790,34,151,117,101,99,93,318,54,131,333,150,40,207,151,7,86,76,170,81,65,130,35,130,651,46,94,115,225,114,103,67,139,297,137,56,131,36,69,67,124,51,121,277,44,133,165,88,199,59,157,76,83,27,78,261,31,63,176,100,58,484,83,66,313,306,102,42,141,223,54,87,49,113,120,345,86,12,63,112,120,26,406,216,67,241,122,73,14,107,93,83,143,69,294,62,26,46,236,160,61,68,269,1086,194,285,237,124,53,196,198,461,52,113,34,180,25,269,78,71,218,188,58,109,71,228,135,223,147,93,81,82,276,83,101,30,171,65,95,78,57,107,212,63,20,87,216,54,58,24,260,65,375,113,68,119,147,372,162,379,151,90,73,87,151,153,281,259,50,67
C>G,TCT,122,198,699,341,331,253,530,121,153,199,1433,214,70,76,890,60,602,57,193,491,68,263,220,134,262,224,366,1352,366,188,2189,75,400,168,253,140,135,976,115,221,602,204,101,408,319,21,203,83,392,187,126,342,48,408,1765,119,147,358,657,169,206,150,272,685,427,59,291,102,113,156,297,68,203,863,44,305,377,110,536,122,380,150,168,57,132,518,127,63,420,290,118,1401,170,91,445,953,199,64,321,312,102,97,57,252,363,834,216,22,59,151,121,30,743,426,202,680,169,155,51,242,234,175,228,104,439,124,27,128,442,199,62,113,804,3268,248,841,612,267,73,476,444,1369,163,192,61,358,39,821,166,151,535,492,122,146,178,471,294,593,190,276,224,132,784,243,104,87,485,36,122,174,82,232,500,127,26,146,652,173,60,29,738,105,1069,296,199,143,325,1095,179,1046,408,248,72,133,272,329,851,704,61,119
C>T,ACA,220,326,1400,597,543,406,827,187,274,384,2469,381,117,178,1498,101,1017,85,354,857,109,462,352,215,445,406,561,2316,579,324,3882,134,695,362,426,255,251,1678,185,366,931,419,173,775,547,33,372,159,668,304,207,608,102,702,3139,193,275,599,1135,233,375,244,424,1138,689,93,539,178,193,272,526,103,363,1488,88,542,693,168,927,205,666,261,263,107,233,974,189,83,744,488,191,2434,298,185,767,1630,346,123,565,667,183,161,134,469,578,1448,378,35,122,305,166,55,1173,725,318,1201,303,295,78,419,392,305,396,207,862,200,50,196,844,352,145,180,1377,5624,357,1443,1083,504,153,854,811,2361,250,378,111,674,61,1411,272,252,932,828,183,297,303,866,511,1052,363,468,376,211,1365,397,199,141,800,68,189,301,166,424,903,198,52,250,1122,274,103,69,1301,174,1859,500,330,308,595,1870,275,1844,672,427,118,268,412,545,1456,1206,130,190
C>T,ACC,204,309,1204,662,526,349,451,144,267,289,2895,428,130,96,1595,67,1130,32,347,770,93,431,288,250,387,231,575,2813,413,331,4420,50,700,174,404,249,138,1978,77,200,1075,225,189,750,569,9,279,97,780,334,127,695,49,863,3570,122,208,652,1307,166,289,253,398,843,215,80,443,163,148,255,526,61,330,1819,57,456,728,125,1037,197,757,192,125,42,111,930,53,87,760,475,89,2909,201,99,664,1963,373,53,651,413,144,130,71,362,483,1662,133,12,78,168,167,57,1230,751,217,1396,268,287,20,440,445,300,382,162,658,94,35,135,757,226,79,205,1476,6820,368,1697,1156,426,73,895,737,2763,151,251,120,613,70,1654,211,224,1058,942,77,220,202,859,447,886,198,500,321,116,1497,392,137,131,842,53,136,344,86,445,936,192,24,202,1359,207,80,36,1517,90,2214,607,321,171,622,2240,217,1758,454,508,71,132,343,259,1785,1311,68,103
C>T,ACG,138,191,698,320,332,257,620,138,164,229,1281,186,88,108,782,85,523,75,187,489,96,278,222,137,294,283,369,1079,382,173,1826,97,364,214,246,177,212,808,152,263,554,250,100,398,293,30,212,126,360,173,157,295,65,322,1484,153,166,310,556,202,226,149,283,740,541,71,301,97,125,149,296,105,221,683,66,306,341,136,471,126,333,173,209,71,174,496,155,78,396,277,180,1143,191,112,475,766,186,96,309,385,120,110,76,262,362,722,273,37,96,184,149,51,706,418,224,559,185,143,68,218,213,189,279,111,494,152,37,138,442,256,95,112,708,2625,283,720,562,266,101,429,438,1132,180,232,70,366,40,672,175,151,472,420,169,173,206,438,298,587,266,257,221,170,689,225,144,83,440,110,149,158,100,216,448,131,41,167,535,178,78,37,606,141,880,248,196,187,298,905,243,973,456,203,144,164,313,434,676,616,87,141
C>T,ACT,95,131,717,201,212,150,358,112,110,238,745,133,50,131,458,63,308,42,145,348,72,192,136,82,199,231,224,645,220,129,1273,78,255,248,162,125,150,487,100,213,346,284,57,348,216,16,177,108,219,104,106,202,70,193,1042,84,153,184,348,123,185,88,174,515,354,59,251,69,102,111,201,59,176,414,63,242,272,100,304,83,229,128,142,65,141,441,88,49,284,170,96,725,152,124,419,458,138,79,192,430,89,103,97,226,212,491,214,20,89,206,99,26,475,292,128,380,166,129,37,159,125,121,179,119,498,110,35,81,409,226,107,71,446,1602,175,423,383,238,104,322,352,706,104,216,45,311,25,415,124,108,316,266,94,182,139,373,223,442,240,149,148,121,448,133,138,49,260,55,113,106,111,169,351,78,35,126,317,103,69,50,409,102,560,149,113,217,238,538,169,702,293,131,76,177,184,287,405,404,91,106
C>T,CCA,67,92,396,143,158,100,214,93,77,155,550,88,52,74,291,53,206,28,91,215,70,132,87,79,146,141,200,440,127,87,806,41,159,127,108,105,110,329,65,139,319,157,43,214,151,10,96,82,173,82,74,134,38,131,665,59,97,121,233,115,112,70,143,327,184,53,143,40,71,70,134,57,125,279,46,143,169,88,206,62,160,84,94,32,88,267,45,60,185,110,74,490,91,69,308,311,101,49,149,238,60,83,52,124,136,347,107,16,67,116,115,30,395,220,81,244,121,75,20,108,96,90,154,70,304,69,27,53,244,164,66,66,285,1097,188,298,251,132,59,203,210,472,63,125,37,191,25,275,83,73,222,189,71,113,84,231,143,247,159,102,89,89,290,89,103,33,181,75,95,79,60,110,217,65,23,91,221,63,57,25,264,72,381,113,76,125,151,379,164,409,178,90,84,94,159,184,282,268,55,71
C>T,CCC,86,125,317,194,226,165,389,115,100,138,787,106,72,50,451,67,309,52,103,280,86,172,141,110,198,168,293,623,230,107,992,52,207,91,152,128,141,465,100,175,449,123,64,210,186,19,107,89,239,120,106,166,31,184,810,101,97,184,320,177,127,105,213,463,312,63,156,52,84,87,174,88,143,388,45,170,182,115,278,85,199,107,143,34,108,261,94,83,229,166,126,654,112,56,336,443,121,57,197,178,74,90,31,131,229,440,144,27,67,94,155,42,540,281,143,306,127,70,42,132,139,123,204,56,269,100,27,92,230,181,49,90,405,1517,267,428,321,130,51,236,236,650,114,120,47,198,34,384,114,97,285,263,122,95,122,239,179,309,167,155,129,123,391,141,102,53,276,104,123,101,49,122,244,99,25,114,313,111,63,13,332,98,507,158,121,94,163,540,216,522,277,120,125,78,246,278,395,363,46,97
C>T,CCG,74,105,285,171,184,178,499,51,89,73,689,90,36,35,499,37,312,59,94,292,27,153,153,55,161,167,177,576,300,84,928,70,206,99,146,71,123,445,109,150,223,104,57,173,136,26,128,51,174,90,101,146,31,170,743,113,72,189,303,105,124,82,152,474,456,18,167,60,60,81,163,60,97,360,21,175,158,56,252,68,159,101,143,48,105,216,143,19,208,176,131,586,115,48,167,415,79,57,149,157,66,27,24,150,257,342,208,27,32,75,36,22,310,195,171,283,62,64,61,106,113,102,131,40,192,103,11,102,192,105,32,43,419,1371,100,396,301,138,49,214,232,610,142,118,32,175,15,368,104,83,231,219,124,60,143,193,165,366,124,157,145,99,385,144,43,55,265,41,63,73,45,98,217,71,21,82,285,134,22,12,307,84,449,122,128,67,136,483,90,580,328,101,73,81,177,309,352,338,36,86
C>T,CCT,234,320,1111,749,568,424,675,85,305,203,3295,455,140,61,1864,56,1294,56,369,862,60,482,342,249,425,250,563,3119,553,335,4780,68,765,126,449,258,185,2217,110,174,1004,145,222,747,567,23,302,81,847,355,151,756,40,957,3852,186,182,744,1455,138,304,278,410,949,401,42,471,185,132,268,594,76,319,2014,40,482,756,88,1143,212,805,212,148,47,117,909,119,50,823,556,164,3188,211,65,506,2182,368,65,726,329,158,64,41,382,587,1753,192,28,60,107,94,74,1146,764,294,1514,214,285,52,452,494,342,420,130,551,106,22,168,724,160,56,194,1673,7519,295,1921,1281,433,63,948,778,3060,208,250,136,627,66,1837,219,230,1137,1012,126,173,258,845,472,998,170,588,371,116,1675,451,86,153,954,80,96,362,59,460,971,203,27,196,1519,265,47,19,1647,97,2427,658,388,107,640,2489,159,1962,582,548,106,99,366,368,1965,1435,53,96
C>T,GCA,56,76,305,134,132,103,244,50,67,92,537,79,33,46,329,31,220,28,79,203,33,114,89,52,116,114,139,463,153,71,789,40,153,92,100,69,83,345,59,101,209,105,41,170,120,11,89,48,147,69,61,126,27,139,640,60,67,130,237,70,93,59,108,295,215,25,127,41,49,62,123,38,89,295,26,127,147,48,198,50,140,69,80,30,69,212,61,25,166,114,68,490,77,46,184,328,76,38,128,164,48,40,33,111,145,303,111,14,37,76,49,19,270,167,89,242,73,62,26,90,87,76,108,47,205,59,14,54,188,98,40,42,299,1125,98,305,238,114,42,182,185,483,70,97,28,155,15,288,69,60,198,174,63,72,83,186,122,247,105,107,91,64,293,92,55,34,180,38,54,65,42,92,191,50,16,65,229,71,29,16,262,54,377,103,80,78,127,384,85,413,183,86,51,69,116,169,289,258,36,54
C>T,GCC,160,216,896,501,375,275,433,61,207,179,2174,313,87,74,1235,39,857,34,262,598,40,330,225,158,287,193,356,2075,360,233,3277,55,526,145,303,176,130,1478,74,134,643,162,145,552,391,14,227,65,559,232,102,516,42,637,2645,118,145,492,976,78,225,180,262,653,278,31,350,129,97,188,406,42,228,1344,36,348,537,58,769,142,548,150,100,43,93,676,75,25,569,370,99,2142,156,71,382,1451,253,53,483,320,112,53,54,289,382,1188,153,16,52,117,51,45,753,518,189,1032,162,213,32,312,324,228,276,112,462,76,19,107,553,131,62,125,1124,5018,173,1272,875,329,63,663,563,2050,133,204,91,462,41,1229,151,158,769,674,74,152,178,616,332,711,147,387,253,80,1132,296,76,100,627,40,66,244,64,325,687,129,23,138,1009,172,37,27,1122,68,1631,434,254,122,455,1651,99,1367,391,368,57,105,226,249,1307,968,54,69
C>T,GCG,265,430,1581,890,726,487,643,208,351,379,3917,580,169,108,2198,87,1552,46,464,1046,122,574,407,341,518,299,809,3865,588,455,6023,64,959,211,556,316,155,2708,106,283,1517,286,252,995,783,12,375,115,1058,463,172,942,58,1184,4856,160,275,902,1787,248,385,348,558,1170,307,112,590,223,204,349,703,77,440,2494,67,621,980,177,1415,267,1029,256,178,55,145,1245,84,125,1027,653,107,3978,274,127,914,2698,508,61,868,509,188,183,83,484,683,2269,179,12,86,215,238,65,1735,1023,305,1904,361,383,29,604,609,398,494,213,856,133,44,195,1005,299,86,284,2025,9352,520,2313,1562,568,85,1213,989,3786,220,319,153,810,96,2271,296,311,1439,1302,105,281,272,1160,610,1206,242,681,445,160,2040,548,172,184,1167,36,192,467,109,596,1270,268,26,273,1857,295,106,43,2070,120,3024,833,438,208,837,3070,293,2399,627,698,70,167,480,343,2453,1801,79,149
C>T,GCT,146,178,1062,317,295,204,457,133,170,331,1200,205,77,193,690,85,471,52,219,504,95,286,180,117,284,320,290,1023,288,184,1982,105,374,351,230,193,225,770,129,268,450,393,91,525,307,21,252,155,339,147,141,318,100,309,1626,120,215,273,544,136,264,125,226,689,449,73,366,101,136,159,307,79,253,662,91,342,416,122,466,119,353,179,176,88,189,653,103,55,427,249,138,1147,206,171,554,722,200,113,311,625,130,128,142,325,282,747,283,28,132,284,114,47,616,420,168,597,228,195,47,231,190,184,273,170,713,137,48,100,601,301,160,97,675,2541,211,674,592,348,150,487,519,1104,128,314,74,464,33,648,162,146,486,394,120,262,195,549,315,635,337,228,205,154,691,187,192,67,377,98,139,161,153,258,525,104,51,172,509,135,91,72,643,134,886,230,166,308,361,848,216,1033,396,202,118,244,236,385,643,604,132,130
C>T,TCA,136,233,1044,330,371,253,546,210,164,363,1289,227,80,166,803,99,548,63,226,550,123,295,233,157,312,322,444,1213,358,223,2202,103,429,326,274,182,180,883,145,342,734,398,92,531,383,21,260,148,392,197,160,343,90,362,1790,114,231,332,618,243,273,158,323,826,490,111,370,110,168,184,312,89,278,773,87,379,437,181,529,139,399,191,223,87,199,687,129,108,460,285,119,1317,231,175,722,857,243,98,314,574,130,188,126,331,366,877,288,22,116,293,211,29,942,506,204,669,273,199,50,278,227,187,270,177,729,170,52,139,618,352,133,140,771,2983,362,753,626,354,133,530,541,1278,170,292,64,463,49,759,210,186,551,497,138,260,202,602,360,680,329,251,242,191,763,239,206,88,471,49,201,187,154,271,578,145,42,203,581,173,114,66,722,152,1009,282,186,294,383,997,296,1127,447,242,90,243,330,401,770,713,118,176
C>T,TCC,110,201,955,292,316,177,270,202,136,346,1164,213,78,148,646,87,467,29,199,437,125,243,166,158,255,235,413,1140,205,206,2049,60,366,266,224,170,118,804,84,269,743,343,77,491,359,5,200,129,371,180,111,321,72,343,1671,55,205,280,560,209,220,137,280,610,205,114,300,86,147,157,262,64,254,732,81,308,406,168,477,119,378,146,147,57,143,635,39,117,404,221,48,1246,176,150,699,798,235,65,293,497,103,191,113,263,253,838,157,7,106,255,226,25,909,471,117,628,266,184,12,258,205,156,238,165,664,114,50,89,563,315,117,142,653,2822,367,680,551,300,105,482,460,1175,94,235,58,408,50,694,167,158,517,461,71,241,129,562,300,521,270,203,180,145,669,189,197,66,393,41,184,179,130,253,530,126,31,175,542,108,113,59,679,110,953,272,138,261,358,928,283,918,280,231,63,196,270,230,734,633,99,134
C>T,TCG,231,347,994,722,614,461,816,150,298,220,3172,433,153,46,1833,82,1267,80,352,865,98,484,379,275,458,280,673,2981,618,341,4510,79,754,110,466,266,202,2122,149,250,1162,149,218,697,583,30,298,99,841,376,185,714,37,909,3630,209,192,738,1396,246,308,297,486,1069,520,75,456,182,158,271,578,112,334,1911,46,488,709,148,1109,225,777,230,214,52,148,859,166,101,800,562,198,3032,234,69,614,2091,374,72,699,289,165,109,29,370,646,1710,230,36,66,114,187,75,1334,797,338,1428,242,262,69,453,495,345,444,124,542,150,29,206,685,223,45,220,1632,7175,431,1846,1228,409,60,906,752,2933,254,240,131,595,77,1761,256,252,1103,1010,179,168,279,813,490,987,200,579,388,169,1610,470,111,163,974,98,159,358,61,437,928,235,28,226,1448,297,72,13,1554,134,2310,645,395,101,606,2399,262,1909,649,528,140,102,466,455,1881,1411,50,143
C>T,TCT,100,124,523,187,215,195,583,86,113,168,681,101,48,102,491,62,304,72,125,360,56,196,172,64,212,257,203,505,331,103,975,102,236,214,168,113,192,413,146,225,238,231,61,264,167,31,180,102,182,93,135,157,64,147,794,138,128,184,297,136,182,90,178,600,578,38,239,71,92,102,198,83,148,314,52,234,205,89,263,83,175,141,190,75,162,329,167,32,252,191,169,553,162,103,297,368,100,94,168,349,95,64,72,218,279,367,291,36,77,166,65,34,366,243,195,286,117,95,73,126,115,126,183,84,383,141,27,115,314,197,88,51,432,1228,137,376,343,207,99,260,317,580,162,205,43,262,18,343,133,104,251,218,157,135,183,275,216,463,233,161,169,142,405,149,105,58,269,79,101,81,95,129,273,81,38,120,257,148,50,36,308,123,430,113,137,169,179,441,152,686,400,97,113,159,216,413,305,356,81,121
T>A,ATA,236,343,1357,732,584,443,778,118,306,287,3163,461,122,114,1868,65,1280,67,392,928,63,498,370,234,444,325,566,3045,609,355,4830,101,801,246,470,250,198,2174,141,258,995,279,212,821,597,27,364,101,816,352,175,754,69,932,3891,191,231,744,1440,158,356,274,422,1088,555,55,544,200,162,292,604,72,348,1965,54,550,795,107,1141,218,806,241,197,79,167,1018,159,45,852,569,163,3137,263,123,623,2134,380,88,694,505,174,96,86,458,626,1754,292,27,75,202,92,57,1191,783,321,1516,255,318,65,472,480,339,401,175,721,148,31,189,840,228,92,189,1689,7351,285,1864,1295,508,105,989,860,3023,240,322,127,695,62,1815,254,254,1132,1010,141,234,292,928,522,1118,243,579,404,149,1682,462,121,159,959,36,122,358,112,480,1029,204,35,221,1473,289,62,45,1647,124,2387,637,389,199,674,2424,169,2096,657,542,77,184,375,444,1915,1455,86,136
T>A,ATC,183,267,1105,599,455,303,375,104,240,247,2622,387,111,89,1440,51,1019,23,315,689,68,385,248,212,335,199,474,2552,358,292,4023,43,629,160,356,217,120,1795,59,155,897,198,170,682,500,7,252,79,695,290,104,633,45,784,3251,106,181,586,1185,113,257,219,330,722,172,58,401,148,123,226,475,43,287,1654,48,406,663,90,936,171,682,166,93,38,91,842,38,58,685,425,73,2641,173,86,548,1779,328,47,588,378,126,97,66,328,418,1490,114,9,66,146,114,51,1026,656,184,1271,226,262,15,391,397,267,332,145,584,72,28,111,684,178,73,172,1333,6186,277,1538,1049,388,66,811,666,2505,125,228,108,556,58,1499,177,193,952,839,55,195,178,773,394,800,166,451,284,88,1357,346,111,115,747,40,100,307,76,402,847,161,21,170,1234,179,61,34,1381,70,2010,544,286,152,564,2026,156,1592,393,459,52,117,274,212,1617,1177,61,77
T>A,ATG,97,101,362,251,195,140,255,39,117,89,1065,138,70,43,550,39,387,28,121,283,47,180,108,96,172,120,200,887,176,103,1385,32,229,63,144,129,127,648,57,74,322,69,79,249,174,12,99,64,281,113,70,230,23,271,1129,87,73,217,431,69,112,97,148,333,170,25,159,56,51,83,206,57,125,571,33,154,235,49,349,77,249,86,68,20,64,290,45,34,266,176,103,925,78,31,191,622,119,44,257,154,67,31,25,126,183,533,83,22,54,50,63,49,367,263,105,436,86,88,25,137,159,133,200,46,221,47,16,56,242,95,45,71,498,2155,140,587,408,138,39,290,255,888,70,109,59,220,26,526,74,74,354,297,73,78,101,261,157,312,113,189,116,63,507,135,62,47,290,104,53,117,28,149,292,74,21,81,449,84,32,10,474,56,712,198,130,63,201,733,112,592,212,158,105,45,157,186,559,426,36,40
T>A,ATT,111,126,999,233,197,118,234,98,128,307,841,164,50,191,456,63,318,24,181,380,71,215,108,76,203,255,173,732,154,144,1566,81,284,338,161,152,169,551,80,201,284,374,61,464,238,10,209,130,240,95,94,249,93,223,1293,66,188,182,397,65,216,79,136,477,268,57,307,76,107,124,233,42,206,482,82,273,353,84,344,84,274,135,109,74,147,577,42,29,334,166,74,858,160,161,464,513,159,92,231,600,100,108,143,275,160,573,210,15,118,268,68,32,415,315,89,467,196,175,21,181,129,132,197,161,656,91,43,51,538,250,155,65,480,1849,120,473,455,304,138,396,430,806,63,278,56,400,21,469,113,107,371,279,58,246,134,473,243,495,289,152,142,105,513,116,171,40,243,63,99,121,144,216,436,62,43,130,364,74,77,74,501,94,664,162,105,298,305,600,146,797,253,151,68,227,130,249,461,442,123,90
T>A,CTA,326,429,2072,981,727,533,863,124,417,441,4181,626,158,219,2399,81,1656,66,545,1230,75,669,441,289,575,449,648,4002,708,470,6536,136,1060,424,601,353,286,2863,158,310,1167,461,279,1189,785,29,506,157,1070,437,210,1024,118,1230,5283,230,336,952,1905,122,494,340,489,1348,625,61,766,265,210,387,817,72,480,2599,92,742,1114,111,1510,279,1084,319,212,114,223,1462,154,27,1153,727,191,4176,347,201,827,2800,506,132,939,851,238,119,164,648,741,2336,377,32,131,330,66,83,1419,1023,369,2045,355,461,67,626,618,451,538,272,1106,167,47,207,1227,313,177,230,2209,9707,280,2453,1750,731,176,1355,1196,3993,261,490,178,998,74,2389,309,320,1513,1304,141,375,373,1303,690,1502,370,749,512,169,2237,571,190,193,1207,62,132,476,182,670,1417,239,57,287,1945,337,84,85,2219,150,3181,830,492,350,942,3178,178,2807,802,717,95,295,410,534,2517,1907,149,151
T>A,CTC,214,296,1118,728,520,356,413,73,284,201,3239,457,132,55,1763,40,1248,22,358,783,54,443,282,245,373,176,523,3136,416,328,4808,31,731,95,411,244,122,2204,49,107,1003,119,210,746,560,7,263,61,839,342,102,759,28,967,3878,128,167,712,1441,90,266,258,364,763,139,42,430,170,115,253,561,43,303,2034,35,437,759,68,1125,195,808,173,72,24,66,908,34,47,796,508,87,3215,167,52,495,2186,369,36,716,298,135,65,39,341,487,1764,81,11,50,88,89,65,1113,741,212,1528,213,288,15,446,480,316,383,130,530,53,20,121,715,125,48,193,1608,7579,274,1896,1248,409,44,938,737,3051,137,213,130,604,65,1829,182,208,1134,1001,53,169,194,848,429,892,119,554,324,68,1635,412,78,135,898,53,74,362,46,460,967,182,17,171,1522,207,44,19,1663,55,2445,662,348,94,642,2486,126,1841,433,553,61,71,294,202,1985,1400,41,55
T>A,CTG,106,155,986,191,238,135,312,187,118,376,630,143,64,204,356,97,251,41,169,376,124,215,133,107,237,298,292,524,178,156,1264,92,267,366,171,168,185,402,114,299,471,433,50,447,268,13,211,165,225,111,126,202,101,153,1051,71,220,152,309,182,231,93,213,588,342,105,303,71,145,129,209,76,239,336,101,288,319,160,293,96,246,156,173,83,187,575,68,94,311,154,89,653,191,188,653,372,176,102,193,635,109,182,153,277,190,529,243,18,140,316,186,30,645,361,112,367,255,164,28,188,120,130,222,178,732,136,57,79,547,352,166,98,398,1357,284,346,388,299,150,361,419,619,92,291,50,392,35,355,152,132,331,267,98,276,145,476,268,479,351,121,149,164,418,120,226,45,235,79,179,118,166,201,408,92,48,170,257,89,117,79,392,135,509,140,94,337,285,454,277,725,292,125,99,258,229,317,337,399,137,144
T>A,CTT,99,108,465,234,198,147,317,57,117,132,950,131,65,73,516,48,355,37,128,306,54,187,120,88,185,165,199,773,201,107,1296,52,233,126,149,131,148,577,78,121,302,138,73,275,179,16,126,82,255,106,87,214,40,235,1060,96,98,202,392,84,138,93,153,401,262,33,191,61,66,91,206,63,140,497,44,182,239,64,326,79,234,103,99,37,94,329,68,35,268,176,115,825,104,61,248,545,120,61,235,247,77,48,49,160,197,497,139,24,68,100,68,45,374,265,121,401,107,98,34,138,145,132,199,68,306,71,22,67,289,137,68,67,473,1890,142,522,395,169,63,292,285,799,87,149,56,248,24,472,90,83,331,274,89,110,121,286,178,358,161,176,128,86,479,134,86,48,276,99,70,110,55,152,300,74,28,96,392,94,43,23,434,75,637,174,127,113,206,646,130,624,253,142,107,90,168,241,485,406,56,63
T>A,GTA,122,164,501,266,291,261,720,100,143,154,1052,140,68,77,716,70,456,88,151,445,65,245,225,100,264,273,298,842,426,135,1402,107,311,177,222,137,211,653,168,246,391,195,88,294,222,37,196,103,280,141,159,226,55,248,1132,171,130,274,450,181,201,129,247,724,658,44,264,89,104,126,256,104,172,526,48,271,255,107,382,109,251,162,222,74,171,365,200,49,326,260,205,876,180,88,328,606,134,96,243,296,109,67,52,234,373,540,309,43,72,142,94,44,529,325,248,426,126,105,87,168,175,165,234,76,362,160,26,148,331,202,70,79,616,2024,203,591,464,221,89,336,368,902,204,201,57,291,29,539,162,131,363,333,191,121,216,321,261,548,229,233,214,164,576,211,99,81,393,96,119,119,82,162,344,115,38,141,422,192,52,25,461,138,675,188,189,137,221,717,187,866,486,153,139,140,289,475,518,509,70,137
T>A,GTC,219,287,974,658,517,382,647,99,279,204,2864,390,141,70,1596,69,1110,61,324,765,80,441,307,234,405,256,531,2630,498,294,4048,70,661,130,399,259,211,1882,120,186,917,152,199,658,499,25,269,102,747,315,155,647,43,805,3270,185,176,637,1241,161,281,253,387,883,408,53,420,160,129,236,529,96,301,1695,51,428,652,105,985,195,696,203,159,47,129,796,119,67,721,488,182,2700,199,69,497,1842,327,75,646,325,152,75,45,340,524,1513,194,34,78,113,125,81,1051,691,274,1279,209,246,55,393,433,316,416,119,524,113,28,157,643,188,67,182,1434,6352,318,1647,1113,380,70,817,687,2596,195,241,128,561,63,1554,205,208,985,870,142,170,244,736,425,874,199,513,328,132,1437,394,107,135,830,123,114,318,62,402,835,190,33,192,1290,239,59,20,1392,110,2061,566,345,118,555,2120,203,1693,543,465,145,102,368,387,1658,1233,61,102
T>A,GTG,83,108,844,158,162,85,169,116,94,291,531,121,42,171,284,63,202,19,141,292,78,165,84,69,167,220,171,463,104,119,1111,67,213,301,124,126,134,350,69,199,288,346,39,378,202,6,169,120,174,75,81,176,82,139,923,42,170,119,265,89,180,62,127,401,208,67,247,57,102,100,169,40,180,304,77,224,274,96,241,68,204,113,103,64,132,479,29,48,253,115,49,574,139,149,465,325,134,77,160,528,82,122,129,225,117,430,174,10,107,250,100,21,412,264,63,325,188,141,13,146,90,98,158,145,587,86,42,42,454,248,137,63,325,1197,153,296,325,249,121,303,343,534,48,235,40,324,21,307,102,93,272,206,48,222,103,392,201,381,263,95,108,103,352,82,167,29,170,49,111,93,132,169,341,55,37,119,228,52,81,67,347,87,446,112,68,273,240,386,165,591,193,106,56,205,126,203,296,320,110,91
T>A,GTT,60,100,266,157,174,118,234,90,73,107,662,95,52,31,372,45,262,29,83,211,62,126,101,89,140,104,233,584,153,90,914,28,171,57,118,90,77,419,58,120,386,85,49,175,159,9,77,56,201,100,68,148,19,174,741,58,72,156,284,128,90,81,162,324,164,49,116,40,63,70,134,54,109,368,30,129,160,84,239,64,176,73,89,19,66,222,50,65,187,128,67,607,77,39,272,412,104,31,159,121,50,73,21,96,165,392,77,13,42,66,120,25,452,228,92,286,101,61,21,114,116,90,142,46,204,63,19,62,188,128,30,75,341,1420,207,373,266,102,30,204,185,590,73,79,34,154,28,351,84,76,249,232,70,71,77,208,136,231,105,123,96,80,334,111,72,40,225,56,90,87,33,104,213,75,13,83,285,76,47,9,310,61,466,142,90,64,142,488,154,419,179,111,70,51,175,160,373,313,28,66
T>A,TTA,194,297,1476,583,483,304,408,177,248,404,2454,399,109,180,1369,81,969,29,349,755,106,413,263,219,375,300,518,2413,364,325,4057,77,662,331,376,244,157,1705,90,271,968,399,159,807,556,7,320,135,678,292,135,633,89,739,3289,100,263,563,1147,163,328,220,362,865,267,98,491,159,173,255,490,52,353,1566,85,486,726,144,927,184,695,207,147,73,159,1015,50,85,725,422,69,2556,236,173,790,1684,362,80,570,653,152,173,138,419,426,1518,204,8,114,291,170,43,1166,716,190,1264,318,311,17,425,383,272,351,219,873,118,50,122,866,314,142,186,1311,5896,342,1446,1065,485,130,869,772,2417,137,334,107,664,62,1441,219,225,960,837,68,307,206,905,460,911,298,425,307,140,1342,342,199,115,730,30,162,313,152,441,929,171,37,219,1160,183,105,73,1370,111,1948,523,274,305,623,1920,236,1703,442,451,51,235,309,287,1533,1187,118,130
T>A,TTC,77,93,441,214,163,111,173,39,95,109,902,133,46,54,485,27,341,15,117,258,33,151,90,74,136,104,159,822,137,101,1349,28,219,93,127,96,82,591,37,73,281,105,62,259,171,6,103,49,239,97,51,216,27,252,1096,54,78,194,395,43,108,77,116,287,117,23,161,54,50,81,178,29,114,533,28,155,236,38,318,64,233,73,49,23,54,314,26,20,247,151,53,866,75,46,207,574,114,34,213,194,56,37,38,134,149,500,73,10,42,76,41,28,333,234,76,422,89,97,13,134,135,105,143,61,255,37,15,42,266,89,47,58,453,2004,97,515,372,152,42,285,253,824,51,111,44,219,20,490,67,69,325,274,38,90,80,279,149,304,100,158,104,46,465,117,58,39,251,45,42,105,41,145,297,57,16,70,405,66,29,19,458,40,663,177,104,85,202,663,73,571,166,149,48,64,107,125,519,396,38,35
T>A,TTG,240,354,1455,759,597,440,716,126,312,312,3287,486,124,123,1920,64,1325,57,409,949,66,509,368,245,448,318,584,3202,588,374,5095,94,833,258,481,256,182,2275,125,255,1055,297,217,872,631,22,372,101,853,366,166,794,71,981,4106,176,243,769,1506,152,364,281,429,1082,486,61,561,205,167,303,622,61,364,2070,57,567,841,109,1192,223,849,241,181,77,160,1083,134,49,887,579,138,3305,264,131,671,2241,403,82,723,536,175,108,94,471,621,1852,269,21,77,216,100,55,1256,819,305,1601,274,339,54,497,499,345,405,189,770,138,33,182,892,235,97,199,1750,7739,297,1943,1349,532,106,1041,895,3171,226,330,130,728,65,1903,256,261,1190,1060,120,252,283,987,537,1142,242,593,408,141,1752,471,130,161,986,22,125,377,118,507,1087,208,34,226,1545,282,67,49,1739,116,2514,670,392,214,714,2541,169,2165,635,572,59,190,369,405,2018,1518,89,132
T>A,TTT,72,114,279,178,198,195,543,53,88,66,731,96,31,26,553,34,345,63,98,311,21,156,169,55,164,168,192,646,333,91,1015,73,225,92,158,61,111,492,115,160,248,98,58,172,147,27,135,42,183,99,104,156,28,191,807,117,71,211,332,114,127,87,164,510,493,16,174,65,63,88,169,57,95,403,15,186,165,56,273,71,169,104,153,50,106,221,158,17,219,192,130,647,121,45,169,465,83,54,150,139,66,26,18,156,286,369,221,26,21,71,34,16,343,203,186,311,60,65,65,115,122,102,121,37,180,111,8,113,192,99,22,44,461,1528,101,431,318,143,45,228,242,675,158,114,29,175,15,410,113,90,247,243,129,52,150,202,175,394,113,169,159,102,418,161,33,62,294,20,64,77,44,101,232,76,19,84,313,149,18,9,338,85,493,134,137,57,141,533,83,629,353,112,59,79,186,320,395,372,30,92
T>C,ATA,107,177,663,257,290,243,624,124,130,205,1017,160,51,95,718,64,463,72,165,454,63,233,218,98,244,263,308,932,390,156,1616,100,338,219,226,115,156,697,145,263,456,253,77,350,261,29,212,93,281,147,142,249,62,277,1301,131,151,283,482,176,210,124,245,716,577,56,286,93,116,140,248,75,184,588,48,297,300,113,406,107,280,156,206,77,164,452,172,52,346,253,142,979,187,113,422,666,157,82,228,363,102,96,72,258,356,612,292,28,65,184,102,21,615,348,219,490,157,133,69,196,175,147,191,105,450,154,28,139,406,221,76,85,641,2252,207,600,482,258,94,383,405,987,186,212,45,324,29,592,169,142,395,370,150,152,195,399,277,576,226,220,216,153,606,212,111,80,397,28,127,128,102,184,407,111,32,144,448,179,60,38,530,125,749,204,173,175,260,767,174,926,445,175,74,169,262,404,579,553,75,142
T>C,ATC,200,269,1318,643,455,303,352,80,261,280,2782,419,107,126,1522,44,1075,16,349,745,53,413,246,202,345,225,428,2709,356,308,4370,52,675,225,370,230,137,1913,53,146,829,255,179,773,520,5,290,87,723,289,101,686,61,836,3535,106,204,613,1266,60,288,218,304,736,173,46,458,161,125,243,516,28,306,1764,55,445,736,66,997,175,729,178,78,49,99,949,28,29,742,446,67,2825,187,110,546,1888,343,58,628,494,138,85,95,379,414,1580,137,8,77,184,63,53,964,675,179,1375,236,300,12,414,410,283,341,172,685,65,30,100,783,178,101,162,1421,6581,206,1634,1138,448,90,887,745,2671,114,277,117,630,53,1597,175,196,1015,873,38,233,190,855,420,887,193,476,299,75,1460,352,119,115,769,33,77,322,98,443,929,150,27,172,1313,176,56,49,1493,65,2150,567,298,201,623,2142,112,1743,403,487,40,153,234,212,1713,1248,81,67
T>C,ATG,213,312,1098,758,544,385,465,66,288,175,3400,478,126,31,1892,31,1331,24,367,818,39,451,307,249,376,163,545,3341,465,342,5066,29,772,66,434,228,97,2342,49,103,1049,87,218,751,583,8,270,39,873,361,102,794,19,1029,4076,131,158,764,1527,91,266,271,380,803,166,34,437,180,113,264,579,34,298,2164,21,453,783,60,1185,201,843,173,75,22,57,918,50,40,826,541,80,3403,170,39,476,2330,379,26,736,246,133,54,23,346,533,1848,83,9,28,66,75,57,1162,761,233,1613,201,293,19,466,505,321,369,122,489,55,14,135,712,98,26,197,1711,8052,266,2007,1303,415,29,976,756,3239,156,196,128,605,65,1947,192,218,1186,1062,53,148,201,867,444,938,84,587,346,62,1727,444,53,147,960,20,65,376,34,472,1004,190,10,168,1613,229,32,12,1756,48,2584,699,370,61,660,2638,100,1943,463,586,35,55,301,200,2113,1483,25,56
T>C,ATT,129,195,762,380,331,224,361,115,163,211,1623,243,84,81,911,58,640,34,208,480,76,270,189,154,258,188,372,1537,282,200,2472,50,414,150,249,164,121,1093,77,175,661,189,110,456,343,11,186,85,448,199,102,391,43,469,2001,93,147,372,730,142,196,155,263,589,237,63,285,99,107,157,315,58,216,990,48,293,424,104,590,124,432,136,117,40,103,569,62,69,450,285,85,1603,147,83,465,1076,224,52,374,314,99,102,59,239,312,947,135,15,67,140,132,39,778,461,155,775,184,171,25,261,257,186,251,111,460,87,29,98,477,190,68,127,845,3736,263,943,669,270,65,522,456,1533,115,183,73,383,44,915,147,145,604,538,80,158,146,518,288,558,175,289,204,105,852,236,113,81,494,54,113,199,73,262,549,125,23,142,745,139,65,30,841,83,1224,339,194,143,365,1238,181,1052,325,283,72,114,248,235,975,755,59,91
T>C,CTA,256,386,1254,882,675,481,659,120,342,230,3942,551,161,39,2213,57,1552,47,427,981,74,544,389,311,475,229,712,3836,597,408,5803,48,907,87,526,285,144,2696,91,179,1326,123,257,868,699,16,325,68,1029,438,150,912,27,1178,4669,177,201,896,1762,177,327,333,499,1044,299,62,518,212,153,316,682,69,369,2477,34,547,900,111,1378,248,979,224,139,34,98,1067,94,80,968,645,130,3905,223,56,640,2679,453,43,858,297,167,94,27,413,670,2151,139,18,47,95,148,73,1483,925,309,1846,261,335,37,551,597,388,465,145,599,99,23,185,832,169,34,249,1995,9245,401,2319,1512,484,42,1131,889,3731,217,241,152,709,84,2242,253,273,1379,1247,105,183,260,1011,543,1116,139,689,423,114,2000,536,88,180,1145,50,120,442,49,547,1164,245,17,223,1854,293,57,13,2009,88,2967,814,445,85,763,3046,192,2276,605,676,78,78,426,316,2427,1734,37,100
T>C,CTC,140,197,694,472,347,255,364,44,185,116,2096,292,81,28,1181,26,824,26,231,528,28,292,204,153,250,130,341,2025,323,211,3087,32,482,61,277,150,88,1430,50,86,631,73,138,469,358,10,181,36,536,223,79,485,19,623,2485,100,106,473,935,68,179,171,245,551,186,22,286,115,76,167,368,33,191,1309,18,294,482,43,729,129,515,121,70,23,55,572,56,24,517,345,77,2065,120,33,299,1414,232,29,456,181,91,34,20,230,353,1125,90,12,26,54,46,40,711,474,167,980,127,181,24,287,312,207,244,78,323,51,10,96,450,77,25,120,1063,4878,166,1231,810,267,29,603,482,1975,116,140,82,386,40,1186,129,140,726,648,56,99,146,535,287,611,78,369,226,55,1067,281,40,94,600,28,47,230,30,292,619,122,12,113,981,156,23,10,1067,45,1569,424,238,52,407,1606,74,1230,331,355,41,49,205,180,1277,914,24,47
T>C,CTG,202,284,1007,660,496,389,655,55,266,161,2912,405,105,48,1708,35,1171,53,330,785,26,423,317,198,364,224,461,2806,532,296,4311,69,695,122,404,200,146,1997,101,153,821,131,194,662,497,23,285,52,732,309,132,674,36,861,3465,167,156,677,1309,96,274,240,346,869,425,20,433,172,112,242,528,51,267,1812,24,443,675,55,1022,183,711,188,135,50,104,810,130,17,735,507,139,2858,195,59,399,1965,316,56,626,293,137,35,36,357,547,1547,204,23,34,95,34,52,954,653,277,1363,169,258,54,400,433,295,334,113,473,100,13,158,645,113,40,155,1521,6748,194,1717,1146,399,56,851,706,2755,202,224,112,557,51,1658,197,204,1004,900,110,143,240,753,423,934,131,529,345,94,1511,412,50,140,860,26,63,314,55,406,873,171,21,164,1359,251,25,18,1483,80,2172,579,351,88,569,2226,85,1809,547,489,57,95,297,337,1763,1292,42,85
T>C,CTT,267,381,1282,922,673,491,670,80,357,201,4121,570,160,35,2312,45,1617,45,442,1010,51,560,392,302,475,224,670,3996,614,410,6040,49,935,80,535,286,151,2814,85,144,1253,101,269,892,696,17,335,57,1055,439,143,950,25,1230,4860,187,191,928,1836,128,331,334,476,1033,306,40,535,220,140,320,711,60,362,2584,27,555,931,79,1428,249,1008,224,121,34,88,1087,95,50,1000,669,138,4064,218,46,559,2790,452,44,894,292,170,59,24,425,680,2206,141,20,39,76,93,77,1396,921,315,1922,237,345,40,557,614,400,469,140,577,86,17,181,844,128,32,237,2076,9623,330,2422,1575,499,40,1168,916,3884,217,246,159,729,79,2335,242,267,1422,1274,99,173,269,1026,546,1158,120,721,433,95,2085,548,64,183,1175,50,85,451,41,563,1197,237,17,211,1936,299,39,11,2093,76,3088,837,463,70,786,3167,137,2366,618,698,74,69,395,314,2523,1788,34,81
T>C,GTA,220,340,1137,716,590,400,562,167,288,276,3154,451,152,71,1743,80,1232,47,360,823,111,466,329,286,431,241,670,3030,484,353,4657,51,746,131,443,273,157,2132,98,222,1226,186,209,755,609,14,282,102,855,373,150,736,40,927,3758,151,208,714,1404,222,298,286,464,940,273,92,449,173,160,270,564,87,350,1951,56,475,750,152,1116,218,807,208,155,39,120,935,79,114,805,523,124,3111,212,84,703,2116,399,54,707,349,154,141,50,362,555,1778,140,19,77,142,214,69,1389,818,260,1475,279,285,31,469,491,331,432,151,627,112,36,163,749,240,63,233,1594,7328,454,1840,1230,421,61,936,759,2967,186,240,131,621,81,1778,236,245,1134,1024,112,205,226,877,478,927,198,550,352,141,1603,438,139,148,933,81,163,371,71,462,971,224,24,222,1466,241,87,24,1605,107,2369,661,359,139,643,2425,270,1854,519,545,106,110,420,314,1923,1412,58,120
T>C,GTC,110,134,794,254,221,151,308,89,130,236,989,165,57,136,558,57,384,33,169,380,64,215,131,90,207,221,213,870,205,142,1622,71,292,245,175,142,154,644,84,179,346,274,72,401,237,13,184,106,274,115,96,259,69,264,1328,83,154,222,449,86,191,96,164,490,290,49,271,77,96,120,238,51,186,565,63,253,327,81,377,89,284,128,114,60,128,497,64,35,332,192,91,961,145,119,396,612,155,77,250,445,94,87,100,238,207,604,189,18,92,197,74,35,461,320,118,493,165,150,29,180,153,140,201,124,515,90,33,69,450,205,113,74,542,2151,145,560,470,260,104,384,392,919,87,224,57,349,25,541,115,108,392,319,76,188,137,421,233,475,231,183,153,102,558,145,133,51,298,65,93,128,107,201,412,76,35,122,430,97,63,51,532,89,739,192,128,215,282,712,143,798,279,168,77,169,164,257,547,484,92,86
T>C,GTG,86,130,412,256,227,171,327,65,110,103,1104,155,55,32,650,36,446,34,132,327,42,181,144,99,175,125,249,1030,236,127,1598,38,276,71,173,101,86,738,65,115,420,88,77,268,216,13,121,47,296,134,77,253,22,313,1288,81,83,261,490,100,125,108,182,424,232,33,181,68,66,103,211,46,131,659,23,191,261,63,393,84,277,93,93,27,70,332,71,40,293,205,80,1056,98,40,256,724,138,35,246,151,66,50,22,151,242,608,110,15,33,66,75,27,495,294,130,502,100,100,30,166,174,127,166,56,241,67,14,80,273,105,29,80,582,2484,164,642,442,163,34,331,289,1025,100,107,47,232,28,615,101,97,392,358,74,78,112,309,189,381,99,205,147,74,573,170,55,60,348,38,68,128,36,161,342,87,14,91,500,113,33,11,546,59,805,224,143,62,224,832,109,709,256,185,56,59,179,194,649,505,29,64
T>C,GTT,164,235,740,423,415,308,654,159,199,235,1768,247,115,90,1026,93,704,77,225,574,113,333,260,188,346,280,481,1545,428,218,2460,88,455,174,302,214,217,1127,152,266,769,217,131,466,373,29,223,129,495,231,168,397,55,465,1994,167,174,413,760,239,243,193,353,821,508,84,329,114,138,178,365,119,258,982,66,344,427,156,629,155,448,188,214,61,168,578,150,104,495,345,189,1607,199,98,545,1090,241,89,416,346,133,125,60,277,430,980,245,38,97,162,195,64,925,531,250,766,212,168,65,279,289,233,342,112,505,153,39,155,494,266,83,152,926,3745,372,1000,723,290,88,541,506,1570,195,227,89,418,55,936,198,179,635,574,177,173,220,527,346,661,257,336,257,179,909,286,148,103,575,129,169,213,87,271,561,166,38,189,761,204,87,28,832,144,1233,354,245,163,372,1279,286,1172,495,285,163,140,378,439,975,812,77,146
T>C,TTA,65,96,524,168,153,99,174,69,79,158,672,116,34,80,387,35,270,17,112,248,42,135,88,65,130,129,162,641,129,101,1155,39,203,149,119,84,74,462,46,119,284,174,46,267,172,6,117,60,191,85,56,181,41,195,940,41,101,158,318,66,121,66,118,318,152,38,173,51,65,83,152,25,122,415,37,168,224,58,264,59,201,78,70,35,74,337,33,30,224,128,37,696,92,76,287,449,112,40,163,272,56,68,61,152,139,435,105,6,51,126,62,15,363,224,71,354,115,102,13,130,108,86,118,82,334,55,21,45,300,133,64,56,377,1577,115,392,316,170,60,265,258,662,54,134,33,226,19,393,79,76,276,236,38,120,80,292,156,309,134,121,102,63,386,102,84,36,211,19,66,91,67,137,287,54,18,80,309,63,42,32,382,52,533,141,83,133,194,516,95,537,168,124,29,105,109,137,406,344,53,57
T>C,TTC,250,346,1535,818,590,409,523,94,328,306,3575,527,134,124,1991,51,1397,29,432,946,58,520,332,258,436,269,561,3488,500,386,5528,65,860,232,478,276,161,2462,76,179,1071,265,231,932,653,11,356,92,923,376,132,866,64,1075,4463,147,236,801,1623,90,352,284,401,957,270,50,560,206,151,305,652,40,370,2266,56,555,908,80,1274,223,920,222,110,57,118,1145,61,36,933,582,98,3609,232,115,641,2433,426,66,794,529,170,92,93,461,565,1999,177,13,77,191,76,64,1236,848,252,1744,274,362,25,520,529,358,422,193,774,88,31,144,932,195,99,206,1834,8449,266,2105,1440,541,94,1109,918,3428,169,319,144,762,67,2054,227,250,1285,1122,64,256,249,1043,527,1122,208,619,390,96,1867,466,122,154,1007,32,92,407,103,547,1155,198,29,211,1688,245,60,49,1895,81,2745,728,393,203,768,2758,132,2213,543,621,48,163,316,287,2204,1599,83,87
T>C,TTG,133,149,1130,261,239,134,265,141,150,377,927,181,73,227,470,88,336,31,204,426,108,252,122,106,252,306,241,759,162,166,1673,93,311,391,183,198,216,576,100,252,392,442,70,528,280,11,232,171,282,114,118,272,110,230,1391,81,226,191,423,113,250,97,182,560,298,84,344,82,134,140,264,68,253,498,106,308,393,124,376,102,308,162,139,83,181,657,44,61,375,182,99,910,188,191,595,532,190,112,269,700,121,149,168,308,177,645,236,21,153,318,128,47,548,382,102,496,248,195,23,206,147,159,258,189,780,113,56,60,617,326,188,90,510,1938,207,505,502,340,163,439,484,851,71,324,70,458,31,490,137,127,416,311,80,295,154,538,281,540,361,164,156,140,551,127,223,45,268,109,142,141,169,245,484,82,54,165,383,80,106,85,532,122,708,181,116,356,343,638,228,860,287,163,113,264,187,305,482,482,149,115
T>C,TTT,177,247,956,610,430,305,378,46,236,157,2715,385,100,45,1510,25,1060,20,302,670,28,370,244,191,305,151,411,2653,372,274,4077,32,623,88,348,189,95,1866,43,87,790,102,175,628,464,8,232,40,693,282,85,640,25,818,3284,109,137,606,1220,56,227,212,291,653,157,23,371,147,92,214,473,26,245,1721,23,375,641,41,949,160,676,146,62,25,56,766,42,21,671,434,71,2714,144,45,381,1850,303,30,592,256,112,40,33,298,422,1474,88,9,32,75,42,48,885,606,187,1295,165,245,18,373,400,261,300,109,438,47,13,105,604,87,37,151,1371,6402,184,1600,1055,353,38,794,629,2583,124,182,105,510,49,1551,153,174,949,839,43,137,170,713,363,778,90,470,280,51,1388,351,51,116,760,21,46,300,40,386,818,146,13,137,1284,182,26,17,1408,42,2062,552,297,77,540,2095,69,1587,381,466,32,65,228,177,1675,1185,33,45
T>G,ATA,185,242,850,499,432,330,669,116,228,218,2111,292,117,93,1213,79,831,72,261,644,88,370,272,187,360,283,451,1872,458,236,2969,90,521,180,329,225,227,1362,144,230,728,207,153,536,398,29,248,119,561,246,163,477,57,569,2404,180,174,481,910,182,261,204,339,837,510,60,371,132,129,196,423,106,265,1199,60,376,503,121,738,164,520,195,193,63,159,654,147,70,569,392,195,1940,202,93,483,1317,258,92,487,368,141,90,62,310,457,1126,250,39,91,152,133,70,874,561,261,928,197,197,66,308,328,260,359,116,519,139,33,153,552,226,86,146,1090,4529,298,1202,853,331,90,632,575,1885,196,246,103,474,52,1126,194,182,737,650,165,175,236,592,369,752,243,394,282,156,1081,316,127,112,646,126,132,240,84,314,649,163,39,183,924,216,69,29,1008,131,1486,410,278,158,432,1529,226,1363,522,336,155,138,348,436,1176,937,77,125
T>G,ATC,88,125,465,289,218,157,225,38,116,90,1275,181,52,28,717,20,501,16,146,332,24,184,127,97,160,91,220,1230,198,134,1901,22,300,55,173,98,60,869,34,67,405,67,84,302,228,6,118,30,331,139,53,299,16,378,1532,61,75,288,571,51,118,106,157,355,121,19,185,72,53,106,228,23,126,796,16,189,303,35,448,81,319,79,50,17,41,371,34,21,323,212,48,1261,81,30,217,860,148,22,281,141,59,31,20,150,218,698,63,7,23,49,40,25,462,301,103,602,90,117,14,181,191,129,156,56,232,37,9,60,297,65,23,77,650,2971,117,748,500,174,25,377,307,1205,72,98,51,250,26,723,84,90,449,400,37,74,92,344,184,385,64,224,141,41,654,173,37,58,368,19,38,143,26,184,390,77,9,76,596,96,20,10,655,33,959,260,145,49,257,978,60,765,208,218,28,42,134,119,777,564,21,35
T>G,ATG,158,211,664,467,378,313,637,55,201,117,2026,271,88,41,1213,44,819,63,231,587,36,323,256,147,297,213,359,1860,454,205,2852,74,489,103,302,163,165,1346,118,157,581,108,143,448,343,28,218,63,511,222,131,451,33,568,2294,163,120,475,887,115,214,182,279,728,476,21,321,125,92,174,386,71,202,1194,27,329,451,63,702,141,479,160,152,49,114,544,148,25,517,377,165,1892,164,50,296,1309,216,64,442,224,114,30,26,266,439,1038,216,32,42,78,48,51,692,471,248,898,123,170,64,274,306,227,279,76,343,109,14,142,442,118,39,113,1064,4466,177,1176,798,282,54,578,505,1848,187,182,86,396,38,1111,162,155,682,614,137,105,212,503,318,696,142,383,265,108,1042,305,53,107,620,66,71,215,47,276,587,137,25,136,911,210,27,12,977,93,1443,390,268,73,381,1498,111,1289,481,324,97,84,273,364,1163,891,41,90
T>G,ATT,70,127,359,192,215,154,321,106,88,131,809,120,53,39,490,50,337,38,106,277,65,154,135,100,168,134,275,748,213,115,1184,41,225,83,152,95,84,537,75,155,455,117,58,223,200,13,107,61,240,122,84,187,25,223,956,71,91,203,363,150,118,98,196,425,243,55,156,55,78,91,166,57,131,472,32,173,205,96,303,78,219,91,116,30,84,287,75,69,237,166,76,774,103,53,328,528,127,37,186,161,62,85,28,133,221,489,116,14,42,89,128,22,545,275,123,369,120,81,29,145,141,106,154,59,258,83,21,83,244,150,34,85,445,1811,228,468,337,140,39,263,243,757,101,103,37,197,31,453,109,97,309,294,85,87,102,268,176,319,124,155,129,97,430,145,80,53,288,40,104,106,46,130,277,90,15,100,360,104,51,14,400,74,591,175,114,82,180,617,166,565,241,141,64,72,205,205,475,403,35,86
T>G,CTA,121,188,668,260,318,231,571,179,140,263,1005,157,86,117,621,97,418,73,164,435,120,249,206,140,282,283,396,831,338,165,1471,94,316,227,223,171,200,625,152,296,604,280,81,364,283,27,195,138,311,162,158,238,68,244,1200,134,175,253,441,245,216,139,293,720,507,95,275,83,137,138,250,112,223,519,74,287,296,168,389,120,285,168,220,71,181,465,144,108,344,235,162,898,190,125,557,593,180,94,254,400,114,149,83,243,329,626,262,34,106,208,205,44,768,404,204,445,210,129,61,202,182,166,266,118,521,161,44,134,424,300,101,119,576,2038,349,560,465,246,104,370,396,894,169,226,60,337,44,528,178,150,401,366,167,186,188,410,284,518,286,206,198,186,557,197,171,75,379,107,183,140,110,191,395,133,40,174,410,161,98,41,480,149,695,207,164,209,263,713,297,830,419,166,144,176,331,419,525,523,92,158
T>G,CTC,260,357,1571,847,612,427,562,97,341,312,3699,543,141,126,2062,54,1446,33,445,981,61,540,347,267,455,282,582,3596,526,398,5692,69,888,237,496,288,174,2541,84,188,1104,270,241,958,673,13,369,96,954,389,140,893,66,1108,4595,158,243,828,1675,97,364,295,417,1000,299,52,579,213,156,315,676,45,382,2335,58,574,934,84,1315,232,948,232,119,60,125,1175,70,38,964,605,111,3719,242,117,656,2509,439,70,822,542,177,93,95,476,590,2060,189,15,81,195,79,68,1275,876,267,1796,281,372,29,536,548,373,442,197,793,94,32,152,957,202,102,213,1896,8708,277,2175,1487,557,98,1142,947,3535,180,330,150,785,70,2118,236,259,1325,1158,74,262,262,1071,546,1161,217,643,405,103,1928,484,126,160,1043,40,96,420,105,563,1189,206,31,220,1742,257,61,49,1951,87,2829,751,409,206,790,2846,140,2287,571,640,57,167,334,311,2271,1650,86,92
T>G,CTG,158,181,1053,433,311,202,282,70,195,259,1801,278,86,145,955,52,675,20,252,532,60,308,165,138,269,225,280,1657,240,209,2823,61,451,247,251,197,167,1192,64,144,509,270,123,579,350,9,228,108,474,183,94,450,70,511,2300,94,177,381,802,50,235,145,206,558,202,43,356,111,103,169,367,43,242,1082,66,330,513,65,646,125,481,149,82,54,113,705,31,26,514,296,87,1771,157,117,439,1156,235,75,431,494,116,77,106,300,269,1026,155,16,98,194,57,53,620,470,130,878,194,219,17,277,263,209,281,148,606,67,34,69,607,191,121,108,912,4059,151,1032,770,345,105,606,550,1672,81,259,91,485,36,991,129,138,666,546,53,218,157,613,308,643,227,310,205,82,950,222,134,73,485,80,75,214,104,313,638,101,36,141,816,117,60,53,951,75,1356,353,199,221,437,1328,125,1194,312,304,80,164,177,229,1046,802,95,64
T>G,CTT,70,123,327,171,207,179,468,89,85,109,698,100,39,39,500,45,321,56,99,297,46,154,159,74,169,166,237,627,288,101,1011,64,220,104,156,75,104,469,106,178,347,126,54,193,171,22,128,56,195,107,102,157,31,185,810,98,87,198,320,144,129,91,185,497,414,40,170,60,76,90,162,61,115,391,26,186,175,84,270,74,180,103,150,46,107,252,131,46,220,177,110,641,121,58,266,450,101,51,152,170,66,63,28,152,262,399,192,22,35,94,87,16,450,235,164,310,95,72,53,126,124,101,134,52,236,109,16,105,222,140,32,63,432,1501,171,409,309,146,48,235,244,656,140,117,30,186,23,395,118,97,258,254,118,76,134,231,181,366,133,154,148,110,398,152,63,58,283,27,93,85,53,110,245,84,19,97,302,133,38,14,336,88,490,141,124,81,153,522,134,592,316,116,63,89,205,288,390,369,37,100
T>G,GTA,106,130,385,254,242,176,379,88,125,129,1056,138,82,53,572,62,397,47,128,323,77,202,144,118,214,168,283,854,237,119,1345,50,249,89,170,148,157,632,93,145,439,110,82,261,205,18,119,89,296,133,103,225,32,257,1097,110,98,229,426,143,138,116,208,461,287,50,181,62,78,97,218,85,154,542,45,186,236,95,356,93,254,112,124,32,100,313,83,67,282,197,135,893,110,50,301,603,137,59,259,190,82,69,32,148,238,551,134,29,70,83,125,53,517,310,145,420,121,89,40,153,170,147,233,58,280,86,25,86,269,160,54,92,515,2077,234,577,416,154,52,299,280,871,108,132,61,239,34,516,109,98,363,317,115,99,131,284,193,357,163,197,141,108,512,158,95,57,324,122,101,124,44,154,304,99,27,113,431,113,55,13,456,90,690,202,144,90,207,722,190,637,285,157,135,71,233,273,539,449,48,80
T>G,GTC,77,125,468,181,208,148,340,112,92,172,716,114,52,74,439,58,298,42,114,291,72,163,132,91,178,173,255,631,212,114,1098,56,221,146,149,107,114,465,88,182,404,181,54,255,196,15,129,82,217,110,95,175,42,187,893,78,114,180,324,147,140,91,187,455,294,59,184,57,87,94,169,62,145,398,45,192,213,102,279,78,205,105,131,44,109,326,83,65,239,158,89,676,121,80,363,447,125,55,176,261,72,95,54,162,211,451,156,18,63,134,124,24,509,271,125,335,137,92,34,141,126,108,164,80,344,96,27,82,292,185,63,78,409,1544,215,408,328,168,65,264,270,664,103,144,38,229,28,394,114,99,287,262,94,122,116,289,188,348,173,142,131,111,400,133,105,49,261,53,112,99,71,135,283,85,23,110,307,102,60,27,362,88,520,151,108,134,188,528,177,576,259,124,76,112,202,245,399,372,57,96
T>G,GTG,70,101,353,209,176,139,276,38,90,76,898,126,38,29,541,23,367,27,109,272,22,147,117,69,137,104,174,843,200,100,1322,35,228,66,139,75,70,607,53,86,290,75,62,221,168,11,105,33,232,103,60,208,20,257,1064,67,65,214,402,61,104,83,132,342,208,17,155,58,49,83,174,30,100,541,16,159,216,37,321,65,223,75,72,25,56,274,63,17,240,169,65,864,81,34,176,593,106,30,197,133,53,28,21,131,197,485,101,12,23,54,34,19,350,225,108,415,71,85,26,132,138,101,124,45,194,53,9,64,226,71,24,55,482,2029,95,525,365,140,30,273,242,841,83,92,37,193,19,505,79,75,315,285,58,62,95,251,153,326,76,169,122,54,474,138,35,48,281,21,42,100,31,131,282,64,12,68,409,94,19,10,451,45,658,178,117,52,183,677,61,598,215,149,36,52,127,160,529,411,24,47
T>G,GTT,122,214,679,277,357,254,604,214,144,283,1093,172,92,109,685,106,465,77,173,463,136,261,230,163,302,288,470,948,366,186,1624,93,347,218,247,176,188,700,159,327,741,285,85,380,323,27,201,141,348,188,167,260,64,278,1320,133,185,285,490,292,224,157,340,783,516,113,282,88,153,151,262,119,241,591,75,307,316,196,430,132,316,175,240,70,187,494,152,134,370,255,158,1012,202,128,639,675,205,89,270,387,117,176,78,249,366,706,261,32,104,214,252,40,922,454,219,494,234,135,61,228,205,174,277,123,540,174,47,150,444,327,93,142,634,2318,423,619,498,253,99,401,415,1004,185,221,60,347,52,596,200,169,446,421,176,191,193,445,308,543,290,222,216,203,608,223,182,84,428,96,212,158,112,204,430,153,38,191,460,177,110,39,535,159,779,238,176,207,283,808,339,887,442,190,140,177,377,428,603,585,89,177
T>G,TTA,90,148,767,186,232,141,310,166,104,295,671,134,58,145,396,81,277,39,145,339,105,190,134,106,210,238,295,597,189,143,1227,73,252,267,164,138,141,442,99,254,485,326,50,367,248,12,174,127,228,117,111,194,74,176,1010,67,176,169,324,178,190,95,212,534,301,92,249,65,124,117,189,68,201,380,76,248,278,143,294,90,236,132,155,64,150,475,69,89,282,156,78,689,161,142,555,423,161,77,185,467,91,154,109,225,201,516,196,15,104,239,174,24,633,333,114,365,212,135,27,175,126,118,193,138,569,119,45,81,442,286,118,96,410,1503,275,380,364,243,110,326,355,661,96,222,43,321,34,386,140,122,321,278,91,211,127,406,236,420,270,129,142,142,416,129,177,48,254,57,158,113,125,175,363,93,35,147,288,94,96,56,392,113,533,152,99,249,247,505,243,663,270,131,80,194,224,272,383,400,100,127
T>G,TTC,118,195,743,265,323,218,493,197,138,294,1030,170,86,127,615,99,424,63,172,434,129,248,197,150,279,274,417,894,302,177,1595,85,327,239,225,175,180,658,137,299,669,303,79,397,308,21,195,141,328,169,149,256,69,264,1302,113,187,257,464,250,218,141,300,700,427,106,280,83,144,144,251,103,236,562,79,293,322,178,408,121,308,164,207,67,175,511,117,120,358,229,133,972,189,134,620,634,198,87,262,429,112,170,92,247,310,681,234,27,109,226,228,40,838,430,182,484,233,142,48,218,188,164,263,133,568,153,48,124,463,317,107,130,587,2202,377,580,481,259,105,397,411,951,151,229,59,355,48,561,180,155,430,391,145,205,172,452,291,514,289,202,193,182,577,195,186,73,382,94,194,151,118,207,429,135,38,180,435,147,108,46,523,143,750,223,155,227,287,758,311,842,383,182,127,184,327,374,570,549,96,157
T>G,TTG,120,163,626,347,285,200,333,78,151,158,1489,213,77,63,825,47,577,32,183,422,58,243,165,131,227,160,304,1374,256,168,2182,44,361,114,217,149,120,983,68,130,529,137,103,389,286,12,159,71,399,171,89,348,35,420,1767,93,118,332,654,104,168,136,219,502,219,43,246,88,84,134,286,54,182,886,39,249,368,75,525,108,379,118,96,33,85,477,59,48,397,257,91,1428,122,61,346,962,188,48,343,249,88,67,44,203,276,825,118,17,57,101,92,42,619,392,142,685,142,145,26,222,229,170,230,86,365,70,22,84,397,142,56,105,757,3334,200,857,599,228,53,454,394,1368,102,156,69,330,36,816,120,120,533,468,75,124,133,434,244,488,143,265,178,84,763,208,85,71,438,65,82,174,54,227,472,106,21,117,672,124,47,21,744,69,1091,300,178,107,315,1109,139,926,292,248,78,85,208,216,869,663,48,68
T>G,TTT,203,251,1442,560,420,282,435,107,252,360,2313,366,102,198,1277,69,893,33,336,726,76,406,236,175,357,318,380,2171,355,283,3735,92,611,355,343,244,211,1562,98,226,685,393,156,775,475,14,321,140,610,244,133,590,99,667,3037,125,246,510,1054,83,324,191,284,801,341,61,489,153,147,233,482,52,323,1415,86,460,683,94,851,166,631,205,133,82,165,953,65,33,684,399,111,2320,226,170,618,1517,312,102,547,686,155,114,148,419,385,1351,244,19,124,281,75,57,855,624,189,1158,265,296,30,373,343,269,349,206,836,108,45,106,826,269,162,141,1217,5313,200,1341,1014,476,147,809,747,2199,129,356,112,651,46,1307,187,193,873,726,78,298,220,829,424,894,311,407,288,121,1256,304,179,102,651,71,110,279,152,414,857,137,47,193,1061,171,81,76,1254,108,1773,459,265,310,582,1734,163,1628,449,400,82,240,243,331,1369,1072,130,104
